       N       E                     dE             d eps       ncg     rms          rms(c)
DAV:   1    -0.116159689855E+04   -0.11616E+04   -0.28006E-05  3792   0.703E-03    0.594E-03
RMM:   2    -0.116159689939E+04   -0.83889E-06   -0.91334E-06  3048   0.466E-03    0.839E-03
RMM:   3    -0.116159689980E+04   -0.40610E-06   -0.39822E-06  2053   0.265E-03    0.188E-03
RMM:   4    -0.116159690002E+04   -0.22342E-06   -0.24029E-06  1776   0.259E-03    0.314E-03
RMM:   5    -0.116159690014E+04   -0.12544E-06   -0.13067E-06  1274   0.216E-03    0.149E-03
RMM:   6    -0.116159690025E+04   -0.10163E-06   -0.84564E-07  1142   0.208E-03    0.682E-04
RMM:   7    -0.116159690032E+04   -0.72614E-07   -0.52113E-07   947   0.198E-03    0.123E-03
RMM:   8    -0.116159690035E+04   -0.34444E-07   -0.30008E-07   826   0.194E-03
   1 F= -.11615969E+04 E0= -.11615969E+04  d E =-.116160E+04  mag=     6.0000
